1.133 2.643 1.532 6.800 0.580 1.740 4.427 5.396 3.217 0.279 1.794 0.447 1.289 2.108 2.759
1.247 1.718 2.010 4.121 0.937 2.533 4.845 7.223 5.870 0.759 0.757 1.414 0.810 3.807 4.270
0.223 0.874 1.926 5.638 0.413 2.095 7.116 5.618 5.575 0.999 1.289 1.167 1.327 3.481 4.640
2.296 0.457 4.829 5.478 1.753 2.324 6.607 6.855 4.038 0.462 1.083 2.425 1.939 4.516 4.870
0.779 2.871 2.172 1.217 0.274 2.805 8.431 7.090 4.435 0.474 1.657 3.319 2.629 2.179 0.926
1.384 3.983 3.331 2.363 0.723 3.329 7.960 5.677 5.642 0.404 1.105 1.982 2.099 5.280 2.041
1.301 6.839 3.885 4.093 0.706 2.170 9.131 5.594 4.994 0.522 0.979 1.331 1.783 5.234 2.266
0.681 9.958 2.478 4.947 0.673 3.045 8.143 7.096 3.991 0.866 1.028 6.842 1.114 6.500 2.361
1.586 12.534 4.759 1.422 1.038 2.336 8.881 5.961 4.657 0.737 0.347 6.693 1.714 4.802 3.757
0.699 15.170 3.074 1.064 0.939 2.125 8.321 7.285 4.963 0.167 1.740 8.120 1.138 4.830 6.191
0.603 17.784 2.418 1.373 1.443 2.289 9.246 7.319 5.052 0.607 2.330 9.884 1.922 4.425 2.940
1.990 18.768 2.509 0.337 1.384 2.575 9.373 7.290 4.402 0.718 1.130 9.861 2.096 3.164 2.213
2.612 19.332 2.875 3.065 0.555 3.813 9.022 9.164 4.589 0.647 2.070 8.001 1.150 5.933 3.773
1.339 20.272 2.092 4.541 1.530 3.487 10.824 6.684 4.398 0.515 3.899 8.480 3.546 4.378 3.838
2.213 23.293 2.623 2.527 1.432 4.546 10.342 9.159 4.017 0.311 0.881 8.285 4.557 2.301 3.709
1.912 27.733 2.231 0.638 0.675 3.248 9.272 6.981 4.634 0.960 0.783 8.841 2.026 2.388 2.663
2.130 32.111 3.624 1.841 1.529 2.702 3.318 8.142 4.541 0.984 0.682 7.180 2.157 3.582 4.718
2.065 36.441 3.558 4.992 0.785 3.155 3.671 8.362 5.181 0.481 1.065 7.063 1.997 4.354 4.805
1.276 41.860 5.157 5.343 1.369 3.035 6.178 7.131 5.002 0.550 0.945 8.050 1.218 4.371 3.728
2.130 47.494 4.165 4.884 0.748 3.204 5.449 6.836 4.105 0.372 1.196 8.082 1.133 4.891 4.561
1.533 50.569 3.659 1.555 0.718 3.355 11.217 7.730 3.586 0.202 1.298 6.562 0.272 4.267 3.988
1.211 54.412 3.961 3.913 1.320 3.741 9.247 11.109 4.182 0.088 1.885 8.246 2.353 2.771 4.931
1.030 55.970 5.741 10.103 1.049 3.700 12.644 11.539 4.209 0.183 0.778 7.794 1.095 3.243 6.695
1.182 60.204 2.991 11.780 1.180 4.611 13.536 12.519 4.986 0.555 1.328 2.267 1.656 1.774 9.422
1.198 67.122 4.405 12.087 0.646 4.429 15.329 11.782 2.026 0.162 1.441 8.662 0.675 2.021 9.305
1.040 68.004 3.880 11.733 1.093 4.869 13.218 11.358 1.539 0.313 2.499 2.657 1.105 2.542 10.061
0.749 69.617 4.811 12.217 0.950 5.444 12.251 10.591 0.838 0.315 0.763 2.683 3.287 2.069 10.224
0.755 72.694 4.263 11.632 1.432 6.386 16.477 10.773 4.009 0.506 1.857 2.040 2.630 0.569 7.644
1.338 77.309 3.259 15.702 0.931 4.704 12.476 10.686 3.742 0.817 2.773 2.124 2.839 1.939 4.730
0.971 81.000 4.818 17.208 1.104 4.710 14.878 11.131 3.221 0.306 1.136 2.587 2.610 2.577 4.301
0.580 82.105 3.003 18.177 1.920 5.285 13.727 13.509 3.807 0.523 3.640 2.064 3.050 2.918 6.494
1.172 86.331 5.940 17.859 1.597 4.332 15.304 13.164 4.566 0.358 2.340 0.441 1.984 2.025 6.460
0.961 91.478 6.229 17.194 1.414 4.276 20.719 10.659 4.910 1.099 3.586 1.139 1.846 2.680 5.243
1.234 97.330 4.504 19.693 0.591 3.957 20.518 11.323 4.540 0.635 2.407 1.294 1.865 2.602 3.773
1.043 102.273 5.165 20.179 1.879 3.501 21.582 13.611 4.743 0.620 2.185 2.554 1.801 3.688 4.349
2.262 105.723 3.327 20.522 1.404 3.304 24.694 12.356 4.504 1.158 2.362 0.843 0.853 2.044 5.037
1.757 108.715 2.483 19.146 0.763 3.761 17.306 14.087 4.019 0.206 2.525 0.954 0.577 2.735 5.616
1.389 109.020 2.176 19.318 0.476 4.530 15.342 11.826 3.936 0.503 1.291 2.020 2.570 2.727 4.140
1.364 110.897 1.799 19.164 1.242 3.840 12.933 11.645 4.338 0.475 2.624 2.312 1.886 2.498 5.899
1.635 118.020 5.026 18.058 2.203 4.760 14.042 9.215 4.495 0.561 2.445 0.926 2.778 3.083 7.493
1.159 123.131 4.659 11.374 0.608 5.070 8.640 10.552 3.614 1.270 5.699 0.251 2.869 2.743 4.998
0.463 129.303 3.151 6.949 0.787 2.134 6.785 10.874 4.751 0.887 7.048 1.146 2.072 2.779 4.946
2.347 125.942 3.217 5.523 1.450 3.743 12.525 11.843 4.947 0.790 2.457 1.562 3.474 1.929 4.861
1.694 124.595 3.862 5.770 1.550 2.937 11.350 11.989 4.539 0.988 1.916 0.544 0.938 2.594 5.636
0.921 128.222 4.930 4.379 1.010 4.488 13.668 8.982 3.917 0.475 3.255 1.916 0.629 4.455 5.467
1.132 133.391 3.186 5.921 1.103 2.789 12.355 9.390 4.638 1.172 1.652 1.821 2.794 2.719 6.631
1.970 132.492 4.282 8.971 1.022 3.222 12.636 9.393 4.802 0.421 2.501 1.661 2.701 1.863 7.852
1.269 136.528 6.846 13.143 0.394 3.354 12.248 10.262 3.247 0.564 5.068 1.504 4.333 3.244 6.986
1.022 141.922 4.045 12.150 0.847 3.335 11.819 10.373 3.309 1.103 0.930 2.369 2.834 2.147 5.799
1.359 145.458 4.253 13.520 0.650 3.696 12.288 10.285 4.682 1.080 1.416 2.810 2.202 2.627 4.939
1.295 150.460 2.822 13.319 0.585 3.606 9.025 11.045 4.157 1.182 4.084 0.690 2.707 4.787 6.133
1.859 152.493 4.362 14.589 2.911 4.033 8.083 10.484 5.532 1.544 1.095 1.829 2.603 4.222 6.001
1.105 154.103 3.249 19.790 2.399 4.787 12.358 7.769 4.717 0.530 2.621 2.459 1.881 2.730 5.367
1.573 160.056 4.626 18.978 2.833 4.280 12.386 8.626 3.534 0.262 1.302 1.352 1.608 2.312 4.875
0.675 159.734 3.745 19.943 4.001 5.611 9.367 9.880 4.481 1.093 3.266 1.892 2.758 2.665 5.455
1.196 159.669 5.109 19.700 2.112 4.011 10.455 10.444 4.426 0.919 3.544 2.064 3.294 1.034 6.891
1.210 164.137 2.945 23.573 2.432 3.897 9.072 2.388 4.585 0.985 1.852 2.224 3.307 1.439 7.618
2.096 168.610 5.283 28.880 3.011 4.358 7.085 1.254 4.511 0.575 2.374 1.877 2.135 1.167 7.583
1.193 170.519 6.846 32.152 3.492 3.207 12.002 1.380 4.058 1.028 1.299 3.189 1.141 2.161 7.063
